1000
454 861 939
449 656 409
505 924 243
446 984 345
324 79 848
553 339 42
181 5 299
263 366 192
705 792 737
700 782 34
482 708 354
845 519 869
73 956 623
163 767 916
159 931 617
639 893 32
322 78 886
41 971 126
142 356 595
863 352 384
554 376 850
566 217 57
548 963 263
5 622 688
22 988 805
5 931 364
940 400 923
219 486 728
147 921 280
356 318 825
170 490 612
109 225 799
137 589 196
447 721 526
255 873 791
155 871 664
496 834 93
80 726 68
138 573 238
398 459 955
145 56 63
273 525 25
946 207 218
731 862 649
967 357 903
733 459 19
894 308 769
182 753 237
517 219 238
183 592 849
1 349 986
979 532 34
787 45 933
874 981 929
898 43 405
611 915 151
65 403 859
535 552 656
662 504 589
40 790 216
226 419 232
162 219 485
179 983 578
289 106 175
380 841 163
632 688 836
254 753 869
422 324 400
3 210 292
517 684 709
771 168 451
538 608 501
709 88 597
339 616 989
963 747 186
425 665 409
664 325 93
25 96 83
845 624 627
973 519 711
402 613 76
869 140 113
531 562 669
340 225 454
999 403 434
790 712 501
195 902 209
977 448 582
901 600 104
100 401 985
150 155 265
949 770 281
960 890 163
22 423 128
311 848 664
915 322 960
742 292 858
883 319 512
871 364 546
482 331 10
587 715 640
95 60 818
406 449 227
647 360 681
757 508 100
223 783 124
611 939 397
256 553 639
519 151 166
439 663 971
164 670 401
406 884 936
706 88 352
331 188 874
438 983 666
622 879 499
575 662 147
113 910 749
884 651 809
358 410 868
755 455 281
201 7 101
888 244 380
271 938 606
653 861 515
125 953 715
525 14 91
383 787 942
235 585 191
528 651 906
911 87 465
729 234 937
944 714 718
541 531 326
283 492 418
622 207 479
429 269 784
305 602 261
34 820 503
761 894 556
5 281 350
495 981 28
979 938 954
243 547 271
759 720 330
948 854 49
385 286 336
419 428 591
833 464 966
789 268 589
647 18 144
966 421 658
98 272 160
624 414 14
306 950 277
202 166 401
225 736 510
317 170 963
43 880 41
413 582 481
117 481 525
467 744 405
871 712 123
551 639 851
847 917 756
942 34 434
724 325 58
329 424 930
209 186 109
793 728 103
320 565 604
113 910 805
696 850 95
438 744 14
759 198 296
675 372 480
504 425 417
299 685 810
808 761 125
920 312 316
147 298 666
903 932 276
480 143 481
652 989 435
972 833 266
809 265 934
423 194 201
30 567 499
496 1 145
710 794 33
348 825 471
312 575 190
267 686 291
253 740 781
596 897 373
231 385 850
611 900 26
348 506 715
253 789 61
33 383 983
256 915 263
753 445 989
154 40 437
796 341 606
192 244 397
947 39 402
950 767 951
286 333 577
503 168 8
13 134 230
52 218 691
245 689 483
340 791 854
735 135 307
352 584 688
39 642 536
102 475 729
591 921 823
103 764 293
586 617 463
298 369 943
918 765 661
317 721 169
676 171 75
34 450 218
733 662 806
409 11 860
327 467 667
118 382 263
264 889 683
101 503 555
785 143 362
122 819 116
122 172 246
36 33 629
341 31 560
201 631 552
471 27 364
231 120 747
80 206 995
534 911 368
577 232 377
181 873 974
232 126 946
701 327 887
806 417 900
200 361 528
844 318 373
295 506 829
148 139 735
891 846 573
472 764 962
552 383 32
749 261 120
949 22 741
678 10 276
251 407 456
81 201 466
683 34 143
36 951 734
485 626 596
323 581 169
325 164 428
293 164 938
198 58 8
713 828 907
397 820 835
485 430 568
540 605 180
110 434 165
663 443 554
105 377 203
614 210 613
591 6 452
267 359 134
465 702 293
605 989 263
793 95 343
958 596 936
816 182 265
731 414 41
253 475 150
476 158 399
584 218 324
271 47 182
923 384 677
620 205 593
249 340 813
389 142 673
670 838 812
363 11 195
910 382 340
605 807 31
410 696 116
985 370 782
473 62 40
381 902 870
228 195 369
593 93 239
495 695 451
78 733 673
891 488 720
490 770 257
981 375 445
472 349 665
326 1000 571
81 201 81
478 565 274
775 807 464
49 140 140
728 627 441
755 156 179
410 739 851
466 907 814
658 799 171
529 676 220
214 749 617
946 816 90
437 239 707
763 669 392
129 274 756
442 388 681
167 980 404
971 752 846
751 75 472
355 657 553
745 366 833
330 952 193
925 896 913
46 318 239
718 445 281
477 66 652
700 348 873
91 416 512
974 319 710
570 307 873
155 462 469
222 908 66
905 374 210
559 608 567
677 17 657
265 581 408
144 846 192
857 632 621
863 238 724
270 38 708
773 428 575
207 309 91
241 132 856
281 295 306
324 183 697
506 566 968
388 390 60
542 481 305
138 228 673
258 847 194
375 967 147
929 221 772
567 174 876
237 983 684
828 395 662
907 398 291
412 99 718
43 576 330
58 238 902
622 200 735
126 644 433
628 98 119
306 49 858
474 312 358
672 202 18
125 822 373
82 967 957
421 538 129
375 411 881
265 773 423
492 306 631
266 829 631
971 67 120
982 480 369
684 292 740
846 15 71
385 285 211
57 940 382
526 530 896
827 374 478
652 421 408
593 713 460
312 300 270
231 553 944
250 182 164
31 38 9
486 396 693
971 646 211
402 384 424
78 382 209
144 531 515
529 697 793
777 584 330
579 170 366
234 71 743
636 70 434
727 883 119
803 550 46
976 251 761
279 41 512
144 413 267
995 69 962
791 917 289
33 697 175
726 907 277
303 31 811
144 176 416
456 648 956
923 443 893
185 781 35
333 547 329
218 883 202
44 771 277
895 352 63
302 6 962
279 304 453
711 789 609
62 378 174
782 260 18
44 482 83
670 118 244
272 671 664
741 777 396
300 226 974
622 171 495
326 772 300
500 621 33
216 497 493
296 727 291
499 249 157
806 207 569
344 399 485
259 556 594
883 486 921
86 96 837
559 122 68
670 949 1000
182 987 644
445 396 163
95 184 256
267 692 38
635 591 448
722 421 465
60 926 139
260 360 430
544 41 988
664 40 805
484 549 746
437 453 66
218 890 254
96 359 485
147 519 668
863 380 684
639 607 60
462 814 429
777 785 82
331 234 636
489 605 858
76 106 955
489 675 574
389 759 769
249 855 435
245 658 619
118 211 557
324 379 160
230 982 96
629 256 821
211 351 577
902 959 574
27 167 125
293 653 559
875 45 748
638 206 488
524 814 833
591 38 702
118 162 762
184 155 28
527 332 105
453 681 724
470 848 509
277 412 268
286 164 917
765 78 940
83 813 939
253 546 564
831 3 496
541 951 99
524 117 770
495 928 514
192 285 220
445 914 701
604 693 855
553 46 396
289 929 41
472 757 337
702 766 471
982 230 150
383 68 174
699 514 336
83 675 948
243 202 391
591 129 468
382 252 971
645 648 94
687 150 269
871 46 333
134 936 753
363 334 441
540 723 627
636 633 282
647 363 628
973 519 682
860 759 485
92 368 645
139 7 872
348 601 318
873 132 2
652 97 889
292 17 289
636 908 497
887 587 716
853 617 738
660 339 265
284 897 332
175 527 526
410 974 809
274 135 608
851 408 168
585 262 11
521 49 795
264 931 61
100 417 78
398 3 435
573 902 598
272 190 48
484 591 288
7 715 953
875 385 643
99 351 22
239 874 639
252 742 734
349 632 374
6 306 146
613 250 832
81 727 500
68 216 115
968 943 835
122 925 528
792 180 806
390 104 138
844 739 883
398 993 753
833 450 812
299 317 14
367 821 35
591 668 809
744 476 838
905 529 474
378 473 404
976 61 324
934 607 106
997 42 125
793 374 712
497 230 119
218 438 543
616 245 872
322 256 478
106 841 665
23 517 330
682 66 657
372 234 648
768 698 461
271 639 310
706 717 975
54 248 621
388 24 456
630 3 429
751 261 248
201 750 653
776 299 478
540 266 984
51 219 914
749 73 27
246 809 98
458 554 383
920 898 62
156 616 279
839 562 697
251 37 578
527 373 693
23 610 773
975 79 811
185 113 888
942 126 824
773 162 993
331 487 372
969 861 756
827 442 345
833 76 590
930 244 472
394 495 239
539 857 147
180 535 228
7 980 70
774 679 420
359 402 729
214 560 171
123 12 111
330 854 879
736 593 291
362 141 594
256 100 172
966 141 601
273 954 586
646 406 984
401 692 32
36 338 744
452 451 946
831 512 705
738 251 140
514 289 962
877 252 34
277 700 525
331 659 379
810 930 574
839 294 780
897 554 509
696 717 195
273 443 993
817 343 260
228 942 659
835 337 89
461 429 201
339 874 526
54 108 482
203 242 807
765 621 737
570 736 909
915 982 445
950 385 573
130 861 890
341 622 308
790 778 1000
226 644 664
538 315 85
992 344 17
806 145 758
188 726 32
366 128 953
48 556 737
849 609 684
58 746 482
759 405 406
558 736 387
344 194 845
990 43 362
158 335 572
902 54 163
749 49 816
623 127 374
958 938 642
79 365 492
999 232 881
27 19 45
156 7 905
246 905 346
838 852 91
851 181 383
338 974 578
217 320 416
562 860 158
919 466 33
321 956 131
104 341 507
774 247 976
493 436 987
33 794 533
428 959 748
174 918 252
120 616 147
415 891 587
273 571 29
559 151 458
151 179 896
226 997 344
996 7 245
483 931 122
30 293 971
712 826 357
557 57 71
774 78 762
491 634 503
430 342 150
218 700 36
231 967 133
183 521 732
327 154 863
734 854 856
158 905 22
772 547 602
139 415 262
349 712 552
815 583 92
749 39 661
726 797 498
54 527 773
569 942 145
14 339 654
587 747 159
864 795 405
566 434 91
109 632 346
744 184 294
435 590 726
866 316 841
947 347 395
220 140 780
829 231 703
414 475 609
333 240 289
921 801 119
928 607 138
729 42 365
668 533 592
914 146 947
230 665 622
825 430 459
313 714 744
430 928 422
423 94 761
423 432 533
187 158 300
126 254 46
218 265 124
656 452 1000
751 20 38
162 379 158
107 326 806
222 267 564
118 913 764
356 167 647
546 499 281
617 495 697
634 629 734
128 909 883
827 192 404
182 556 326
170 363 458
280 496 798
934 779 555
653 876 474
674 264 995
894 969 883
677 615 20
138 886 417
584 261 415
99 590 410
803 611 746
996 793 851
687 302 248
188 705 434
31 412 82
781 24 340
130 931 350
832 421 478
828 362 822
201 155 993
91 707 707
898 205 876
516 873 299
483 739 236
113 691 973
77 143 684
673 563 498
774 477 616
385 233 621
987 849 294
234 23 125
109 385 698
167 912 17
656 330 863
146 7 499
384 643 37
354 939 655
218 937 475
305 286 396
449 104 837
432 517 284
268 134 976
235 919 185
2 669 904
507 750 858
542 190 403
274 658 711
291 727 695
967 294 79
454 556 434
806 498 871
17 852 705
135 356 810
99 29 657
313 46 449
163 602 889
915 476 721
960 586 621
736 798 969
825 899 106
997 102 996
739 25 58
993 8 57
112 752 121
844 189 18
549 184 25
300 792 668
474 945 737
682 709 456
469 258 282
714 137 387
502 360 932
450 623 923
408 523 750
34 226 315
263 406 924
119 195 175
546 121 206
805 720 638
180 699 980
650 106 842
315 469 62
720 817 898
584 891 949
382 403 799
244 955 950
767 656 134
819 975 282
386 438 329
444 779 738
364 509 830
849 507 439
443 145 621
69 473 558
629 490 759
498 995 377
812 855 253
323 479 142
278 305 965
809 272 834
899 102 4
343 837 495
525 734 806
815 317 2
899 865 364
770 213 355
982 460 24
778 593 705
942 509 80
66 528 903
991 411 279
16 731 498
244 563 719
618 785 96
429 201 242
44 332 968
410 11 346
686 991 607
619 662 944
630 323 336
245 725 608
258 69 996
905 723 155
429 815 14
336 121 859
903 18 26
405 694 779
630 90 416
898 891 848
415 111 942
123 197 436
475 926 452
425 552 597
520 146 321
63 155 253
872 961 947
600 711 131
728 116 494
575 753 655
838 258 904
782 883 760
185 70 809
150 375 21
598 569 964
462 982 267
769 716 202
439 311 982
166 389 869
499 599 339
250 218 856
350 128 285
5 972 596
264 41 558
85 922 651
239 703 209
508 413 838
741 867 182
461 891 946
155 184 465
595 440 762
837 983 565
724 942 216
135 802 368
248 78 819
242 377 373
793 183 448
611 975 606
202 889 949
96 931 79
194 625 686
385 41 413
960 229 381
667 499 970
409 568 289
263 849 910
31 943 48
632 358 735
456 969 412
352 430 787
782 483 865
757 226 38
244 525 279
75 227 836
317 726 844
138 311 833
322 44 102
215 566 557
41 854 944
496 182 297
798 346 831
827 731 646
888 804 792
294 565 555
688 259 559
794 780 694
614 172 834
237 463 745
693 159 53
538 812 848
155 437 86
322 255 38
146 125 961
150 995 871
712 721 922
294 29 834
778 228 174
743 748 182
773 382 816
66 392 241
264 62 316
123 496 785
476 861 866
774 187 988
689 561 165
856 332 131
665 418 754
434 227 327
951 977 234
248 301 311
320 117 523
339 599 977
329 848 154
651 542 946
583 168 340
601 635 131
534 466 421
12 441 362
491 599 690
943 241 89
603 959 795
273 101 76
919 91 127
39 407 404
343 327 218
717 294 40
414 212 437
95 498 298
353 178 747
866 557 203
522 721 294
514 451 459
46 784 203
615 270 578
212 595 433
589 552 612
415 919 993
443 549 464
